PR
1.00000e+00 0.0
MAR
Runtime(PR) 6.15868e-01
Runtime(MAR) 6.15868e-01
0: 0.16144192313418132 0.08760604321590357 0.05421603280893103 0.05206098451414282 0.16246591579143418 0.05214996911845852 0.10686018262429627 0.13094995828466713 0.04232301992157829 0.14992597058640697
1: 0.024168954730634233 0.000550998973369699 0.16425671325005264 0.11109079512475538 0.17912361272692687 0.15713565807745566 0.06306186482628871 0.18057363261464604 0.07658485782447634 0.04345291185139447
2: 0.12311705543917127 0.13802889506775834 0.14557006020523905 0.08038000976416182 0.1104430358917074 0.048103070216449426 0.03336304598501364 0.12797407055320506 0.020417006462271858 0.17260375041502204
3: 0.10208519624388955 0.10057055802825486 0.10035378646067819 0.09961563404425063 0.09918061591811989 0.10001334874083981 0.09860064847772945 0.10038267314408386 0.09937092309328474 0.09982661584886908
4: 0.09512318597694051 0.08939924968342444 0.07427638013036877 0.10176872838171055 0.11059927363494126 0.12142935921312048 0.10841358068151973 0.11075885659194461 0.1159941517675901 0.07223723393843956
5: 0.09991163303255118 0.10004597831015333 0.10029450895925038 0.10034498901743771 0.09975495405082163 0.10013096809122275 0.09991078872004025 0.09943533773257854 0.10043246441270519 0.099738377673239
6: 0.09637287202665867 0.09911699728931123 0.09966891635779229 0.1015802924197386 0.0979561592715743 0.10225078734049203 0.09900368066716897 0.10073207450479243 0.10113686256795172 0.1021813575545199
7: 0.10897080164159763 0.10320236291074047 0.10731075600734878 0.08937327969543143 0.09205070143923211 0.07529593780218427 0.1018033481657335 0.09640965827622729 0.11666845578329049 0.10891469827821408
8: 0.09879490315718108 0.1615498594823891 0.0825209537886475 0.18990879147628048 0.08654691249521881 0.06460393183438981 0.1016048592744306 0.14662985609358484 0.04072695986680716 0.027112972531070735
9: 0.08194366379619308 0.12154315483473073 0.12846828994787712 0.1080624478919464 0.09664327417704698 0.12724295358010407 0.09114066867292457 0.11689926632524669 0.0714813374964014 0.056574943277529044
10: 0.10396767220199217 0.10030000760477009 0.11104355440205224 0.12121621357253118 0.07436630978463436 0.09929450728372077 0.07485856780294214 0.09269531693827372 0.11383946327149107 0.10841838713759222
11: 0.12381899295792707 0.08176743209329125 0.1320221892332978 0.10423197693416772 0.07007154028306421 0.11833953221612181 0.11652655667804693 0.07827247288790112 0.07548587428699785 0.09946343242918425
12: 0.11685898854895874 0.10368100570886993 0.07849200964364342 0.17561394098989416 0.07090197614014884 0.01944600487141194 0.0895960081212881 0.13739803418364127 0.11081701977254525 0.09719501201959829
13: 0.10041093471766696 0.0981419120288311 0.10229720727605911 0.0966775636965841 0.1000468316367856 0.09922912657071484 0.10189713123181374 0.0962224953421467 0.10382411222352256 0.10125268527587533
14: 0.10255499316993232 0.09788990104951685 0.11311161238541097 0.08383082586182165 0.10065615083045165 0.07802378028101041 0.09285743613091314 0.100724362604824 0.10070046239243603 0.129650475293683
15: 0.09952514203155986 0.1303417682868064 0.11987490562900201 0.09582442481776232 0.09108639312941709 0.10156076576372045 0.08684022592545552 0.05494064253816637 0.11645691219486533 0.1035488196832446
16: 0.11919483240210141 0.075612627301149 0.07456211871005777 0.105471965330697 0.10604048339084918 0.08752469353571192 0.0761105030447135 0.11349592259163713 0.12255966038286809 0.1194271933102149
17: 0.13205405233016604 0.11019907785343114 0.10233405744513964 0.09082550757598262 0.07660406046802938 0.10952554506288169 0.09481718193336017 0.11625617284025268 0.08549506142266569 0.08188928306809097
18: 0.08587660177062309 0.12627663086058027 0.13191163949711535 0.08842557967828402 0.08721737054966043 0.07148579306748937 0.13479986046520298 0.08776367935120671 0.0950936721786088 0.09114917258122887
19: 0.10988922264579655 0.11173820982372765 0.08963371756606094 0.09826173660497024 0.09577347768031225 0.1093058210236414 0.09178575760999973 0.09836781403893124 0.089505013213054 0.105739229793506
20: 0.011672019213481395 0.1454881057262797 0.14314700108962822 0.12111384007974295 0.05712292838776746 0.09307498039418312 0.08795789030931737 0.09220426413616897 0.1069558788582202 0.14126309180521074
21: 0.01199997848000791 0.1116958714994465 0.008472000023724589 0.21099931593923407 0.2168668216981406 0.03217599099879884 0.18607220454432957 0.11429191885384718 0.034281916732994355 0.07314398122947632
22: 0.007267998061229414 0.1543309854311169 0.16144180077491185 0.1608271629582031 0.0026570000660687235 0.10828197173148402 0.01891597420665406 0.15310710207907527 0.11060000121005618 0.12257000348120055
23: 0.10405258869560836 0.09776364496511948 0.10050659664022343 0.09851268164996937 0.09643575130449306 0.09640230949674575 0.10354532053300704 0.10397540420339603 0.10056884523202234 0.09823685727941515